10
S1         0 332368 2715998 181440 329790 333368 725600 184826 477882 473956 
S2         332418 0 325716 191238 1090402 2837162 347400 195992 301692 286938 
S3         2715948 325594 0 184462 325096 326388 803830 187846 457296 453366 
S4         181372 191092 184448 0 182350 184822 188196 4063122 181136 181924 
S5         329782 1090356 325148 182436 0 1075568 345018 183310 301340 286602 
S6         333372 2837128 326464 184952 1075574 0 356712 189850 302460 287726 
S7         725668 347408 803948 188332 345068 356774 0 193868 559594 554976 
S8         184762 195846 187830 4063114 183230 189718 193728 0 184040 184830 
S9         477878 301660 457336 181282 301338 302466 559528 184188 0 8262488 
S10        473966 286946 453424 182080 286620 287752 554922 184988 8262500 0 
10
S1         0.000000 0.031398 0.003681 0.062028 0.031661 0.031303 0.013959 0.060637 0.021447 0.021635 
S2         0.031398 0.000000 0.032091 0.058258 0.009238 0.003523 0.029967 0.056578 0.034843 0.036787 
S3         0.003681 0.032091 0.000000 0.060785 0.032162 0.032019 0.012585 0.059447 0.022448 0.022649 
S4         0.062028 0.058258 0.060785 0.000000 0.061630 0.060637 0.059347 0.002454 0.062127 0.061779 
S5         0.031661 0.009238 0.032162 0.061630 0.000000 0.009365 0.030182 0.061282 0.034891 0.036835 
S6         0.031303 0.003523 0.032019 0.060637 0.009365 0.000000 0.029134 0.058753 0.034747 0.036667 
S7         0.013959 0.029967 0.012585 0.059347 0.030182 0.029134 0.000000 0.057319 0.018227 0.018379 
S8         0.060637 0.056578 0.059447 0.002454 0.061282 0.058753 0.057319 0.000000 0.060935 0.060637 
S9         0.021447 0.034843 0.022448 0.062127 0.034891 0.034747 0.018227 0.060935 0.000000 0.001200 
S10        0.021635 0.036787 0.022649 0.061779 0.036835 0.036667 0.018379 0.060637 0.001200 0.000000 
