10
S1         0 905356 885924 407456 412250 406482 867158 1642788 6892330 1611034 
S2         905388 0 1655818 426382 435056 426814 2816944 837538 880202 848590 
S3         885856 1655752 0 423670 419170 415642 1610672 796464 869630 857598 
S4         407286 426280 423640 0 663718 3523736 426750 403472 408268 402924 
S5         412068 434894 419102 663580 0 623916 432886 415270 414146 414064 
S6         406294 426686 415540 3523744 624026 0 431660 403136 405040 402062 
S7         867114 2816926 1610728 426840 433050 431808 0 831502 846030 895738 
S8         1642510 837244 796256 403388 415304 403068 831256 0 1402294 2891194 
S9         6892286 880124 869648 408390 414278 405200 846032 1402556 0 1449132 
S10        1610794 848400 857454 402862 414130 402018 895606 2891258 1448906 0 
10
S1         0.000000 0.022730 0.023256 0.054555 0.053818 0.054702 0.023775 0.012317 0.002897 0.012561 
S2         0.022730 0.000000 0.012212 0.051705 0.050530 0.051656 0.007132 0.024673 0.023397 0.024318 
S3         0.023256 0.012212 0.000000 0.052097 0.052737 0.053276 0.012561 0.025999 0.023705 0.024058 
S4         0.054555 0.051705 0.052097 0.000000 0.031565 0.005690 0.051656 0.055195 0.054407 0.055292 
S5         0.053818 0.050530 0.052737 0.031565 0.000000 0.033741 0.050775 0.053327 0.053474 0.053523 
S6         0.054702 0.051656 0.053276 0.005690 0.033741 0.000000 0.050970 0.055244 0.054899 0.055391 
S7         0.023775 0.007132 0.012561 0.051656 0.050775 0.050970 0.000000 0.024863 0.024390 0.022990 
S8         0.012317 0.024673 0.025999 0.055195 0.053327 0.055244 0.024863 0.000000 0.014472 0.006947 
S9         0.002897 0.023397 0.023705 0.054407 0.053474 0.054899 0.024390 0.014472 0.000000 0.013993 
S10        0.012561 0.024318 0.024058 0.055292 0.053523 0.055391 0.022990 0.006947 0.013993 0.000000 
