10
S1         0 517306 4007216 513440 510746 66785216 23979438 515218 4164202 3840250 
S2         517540 0 520206 1268554 2117012 517506 517534 1919790 518826 510860 
S3         4007240 520002 0 505320 513558 3991790 3973582 516932 29827410 3049890 
S4         513632 1268580 505578 0 1155818 513588 513436 1147442 506090 510594 
S5         511124 2117290 513992 1156014 0 511138 511690 2721806 512084 505246 
S6         66785204 517274 3991754 513382 510754 0 26108214 515228 4170826 3878500 
S7         23979446 517290 3973560 513222 511304 26108234 0 515346 4126434 3706834 
S8         515430 1919828 517244 1147396 2721586 515444 515558 0 514384 504584 
S9         4164224 518608 29827410 505910 511656 4170860 4126454 514070 0 3081920 
S10        3840150 510500 3049802 510320 504788 3878424 3706742 504250 3081830 0 
10
S1         0.000000 0.067465 0.007525 0.068166 0.068617 0.000438 0.001241 0.067815 0.007241 0.007854 
S2         0.067465 0.000000 0.067014 0.024438 0.014379 0.067515 0.067465 0.015897 0.067265 0.068668 
S3         0.007525 0.067014 0.000000 0.069572 0.068116 0.007554 0.007588 0.067565 0.000995 0.009921 
S4         0.068166 0.024438 0.069572 0.000000 0.026948 0.068166 0.068166 0.027162 0.069471 0.068668 
S5         0.068617 0.014379 0.068116 0.026948 0.000000 0.068617 0.068517 0.011134 0.068467 0.069672 
S6         0.000438 0.067515 0.007554 0.068166 0.068617 0.000000 0.001138 0.067815 0.007230 0.007779 
S7         0.001241 0.067465 0.007588 0.068166 0.068517 0.001138 0.000000 0.067815 0.007305 0.008143 
S8         0.067815 0.015897 0.067565 0.027162 0.011134 0.067815 0.067815 0.000000 0.068016 0.069772 
S9         0.007241 0.067265 0.000995 0.069471 0.068467 0.007230 0.007305 0.068016 0.000000 0.009817 
S10        0.007854 0.068668 0.009921 0.068668 0.069672 0.007779 0.008143 0.069772 0.009817 0.000000 
